250
255
203
304
205
205
211
455
258
289
203
212
260
407
232
313
278
290
326
269
241
219
219
230
424
283
426
236
231
598
370
370
204
216
257
342
282
238
333
347
374
552
462
349
320
437
271
663
251
232
635
324
737
344
238
262
236
329
227
335
233
299
338
210
218
232
248
317
400
364
293
433
342
262
213
272
490
258
243
436
948
392
647
299
205
558
258
406
359
206
336
361
476
344
210
615
726
217
294
235
391
219
644
218
317
228
905
285
270
250
373
265
207
217
264
400
346
261
318
205
340
256
472
219
286
222
250
598
263
206
206
294
399
405
262
233
464
352
216
379
332
345
210
277
268
206
513
218
281
481
399
317
284
361
599
235
392
514
214
367
212
203
473
215
213
353
497
427
283
483
204
243
328
480
217
490
233
587
320
224
270
297
294
220
222
333
563
353
440
238
324
216
404
202
308
735
207
353
279
248
484
325
203
235
208
231
232
330
219
387
617
327
904
429
403
259
290
235
205
283
421
247
576
536
204
275
391
239
316
376
590
287
324
272
649
300
212
540
205
206
235
269
201
214
259
464
277
593
256
270
384
331
250
224
373
404
221
482
225
233
311
209
266
212
259
302
240
357
306
298
240
348
310
444
204
236
201
201
234
356
338
399
246
359
491
575
376
283
565
218
432
309
816
223
249
230
360
337
389
577
445
222
289
348
274
253
386
218
214
212
225
231
268
308
229
204
252
385
498
541
281
234
234
411
355
249
291
285
417
557
276
244
742
270
219
211
439
397
207
318
290
246
262
278
766
618
576
275
398
233
417
536
279
216
246
480
244
227
271
399
230
334
225
209
350
329
243
327
219
338
397
208
287
348
265
225
272
323
647
253
202
573
308
668
369
770
431
738
204
307
204
554
207
293
269
432
274
420
385
206
617
294
227
466
229
228
251
350
389
332
262
234
237
400
390
205
1145
248
248
368
300
655
343
213
222
287
331
243
287
358
414
411
517
726
230
294
326
301
271
527
253
239
295
300
553
389
351
235
489
289
905
765
205
272
216
237
232
336
212
286
203
653
232
423
222
253
223
208
621
327
262
447
312
430
494
343
216
415
262
512
265
657
353
492
202
381
424
567
249
211
256
437
484
223
280
526
344
254
306
719
208
375
402
264
520
471
207
234
272
220
314
309
221
398
217
